262144
0	26587.40624999996	0
1	-4161.885689914469	6956.473028815671
2	-6701.01547102639	-3310.696100047345
3	2874.63568681805	1313.328564126186
4	-3146.761941378025	-2062.260401166209
5	-368.0641375382846	498.2691821792316
6	-443.1175013002114	1042.965170100642
7	-2.974167339767166	-865.9603721640985
8	-1323.972725120128	414.1713395499147
10	10.5851266997002	486.3157620215863
11	-221.3023153639638	-431.8668818144184
13	-360.275599329634	-207.0489708194649
14	-234.8490575769056	505.1839128209639
15	-222.9579208778443	208.5554994980932
16	578.999995825764	-57.5595116938831
17	-549.8236795348258	-318.7809061543026
23	302.8840786820841	-67.8595342342329
24	71.63857487251197	-302.3716588623386
27	305.8275797225859	136.7391474363082
34	262.8662338383882	337.5739327212714
478	-344.1631231197131	150.0965172561936
481	-319.7263687683003	128.9576666047019
486	-307.4993248113625	11.55294819868199
487	259.534397910039	387.0852963786794
489	-209.0484115293454	-566.0526168712036
491	-408.4223910049142	195.91045298906
492	-518.7778181170083	22.64815080846844
493	324.0866384899521	-42.54876530158011
496	-369.5764837124529	-88.62890530068265
497	367.0078640056182	-263.8887471646809
498	-280.4281675683579	635.7768798696411
499	-327.5989067978285	-87.73531357591357
500	548.3946766697985	-104.3350456197985
502	-418.4299534304716	16.73018762326124
503	-697.6988636585738	-728.5756991592425
504	1451.427415766717	1008.64738567882
505	-291.138821897215	557.5251576142231
506	-835.972904005007	-1403.688373206607
507	-145.7333413511355	486.0149684000855
508	3605.906945873684	-1425.091035835297
510	933.1102103954261	-1302.512288879419
511	8682.597928707173	1148.273406416587
512	-3161.550477864196	-2038.329833386659
513	-7304.843010835483	4085.222157005454
514	-1959.288918420546	809.6134708659392
515	-1679.068612234808	-1020.091733546901
516	-138.8997930455521	271.7138775518919
517	1174.869866387737	614.09323259238
519	442.5040122665226	-648.5730066051968
520	413.647863830349	349.1368260259732
521	-391.6428244159934	-266.0769536895703
524	189.0157571317325	-316.5396963893961
526	347.3364558426472	165.6455212049217
527	361.0140885676573	-140.3896298986172
528	-362.4221401291392	-510.2147095916893
529	-120.4101602326338	368.063483084416
530	559.3348705956829	139.3679582546411
532	142.861345807234	-693.6049286055913
539	231.9237342138983	-271.6913989805766
541	218.6777774683095	246.2424685833764
548	-253.8119626618981	238.40553664185
994	-243.9429423659449	183.4613806817129
995	58.08937510790011	-314.3192437462144
997	-221.9221400074114	213.5085657314347
1001	-530.8744926866636	172.6580073539861
1003	593.3768195488843	166.3713405844818
1005	-263.7510547108893	-433.9124823800708
1007	-56.14910537220183	373.4505102725881
1008	325.6873636462067	-232.5454317905213
1009	5.653489814684247	-563.8532130074957
1011	511.3906791503552	285.0673889494722
1013	-53.27972050179378	-494.7748517287192
1016	431.8660573844506	-552.8075014171665
1018	1266.793300985776	46.28526103484213
1019	-787.6980362169578	1042.765336388943
1020	-923.908378837911	-2250.32551643893
1021	1963.790516331798	1716.44016500152
1022	-2685.613075127893	1362.425509146351
1023	769.0123985746358	298.3182744153949
1024	-5243.858713148657	5032.873966124445
1025	-1239.579730792854	-2934.861846241083
1026	2357.534845030397	-807.8272737596369
1027	1035.94025389891	458.9539355899636
1028	1798.046025356812	-1043.501003070348
1029	-304.3019597256475	-85.10860872616932
1030	1094.709089136738	-1392.742573559177
1031	-530.2709791753816	244.8164273285484
1032	-178.9420347017953	-542.4736152052693
1033	434.3417373932682	807.5555397372451
1034	-118.5226403420624	-452.3759172941697
1035	830.2974006566136	-362.6575719071444
1036	-612.3457219033071	28.9871794863389
1040	-227.5374099345232	348.9400232715954
1041	429.5668833855778	-271.3009596697812
1044	-358.8799431068039	307.4010197875576
1046	345.1514818717113	15.27592872611538
1050	123.7806022557271	320.22725809278
1057	-271.3628721363031	145.1674038719231
1509	-34.0889910324063	-372.3454792592013
1515	-314.8877171870517	-240.9305297637545
1516	-40.13839703042233	-469.9081881197827
1517	506.8263776987239	535.6299000342361
1520	-11.31148838688693	-632.9788806789096
1521	-52.32483106355661	905.7828815171437
1522	-344.337166058569	-64.17384738833586
1523	684.2694948866349	-225.4663675356848
1525	-112.9223487317229	510.1962127719465
1526	-947.8884737249027	131.7861032931845
1527	754.6456873937287	-993.3941548754403
1528	-370.6303515354525	2422.297298561714
1529	-238.557150180609	-1387.783415795369
1530	-125.1564621341085	744.1418892468992
1531	-1273.264988065388	1333.090486441212
1532	1846.408838788881	-151.2920949395428
1533	-2571.842238083936	90.89035190649254
1534	1234.851886550139	173.5176736443367
1535	1110.554212285869	-22.53248995403092
1536	-1236.143592061542	-2762.558552912531
1537	1180.056474639799	212.1547569871333
1539	967.3416820871057	-1667.370301521506
1540	-251.368268347476	-379.2498299282979
1541	479.0971733986298	-457.2331237848265
1542	-678.6830737453006	438.2511341284227
1543	324.8971329304109	594.2410645122477
1544	-274.5987933905626	714.8506554387495
1545	-360.1504862087932	-468.6421921578456
1546	303.8275160620024	60.36994519368447
1547	-529.9398718566255	-129.3065176991598
1548	233.3354705624744	195.7916246993806
1549	-275.0857555548172	450.6471348086601
1551	113.0293901347681	290.6901003654357
1554	-190.9091820656598	374.488493978054
1555	197.7011264816637	235.1888580638036
1556	314.9184705786766	-7.275998128970062
1561	70.08531802635513	317.0990355957848
2013	120.9339618955908	274.9141010803095
2018	90.49573200817332	-511.9437980890891
2023	304.9955147997433	-353.6967785633093
2024	-74.38886164521119	368.407159705495
2026	-35.21154416188366	512.4131983192011
2028	176.6584584400329	364.741190159288
2031	16.82569737507946	315.9458060560193
2035	-388.6132508011862	101.9027522132356
2037	-258.7205716255603	337.392428220719
2038	267.7621377301968	-776.0078221925774
2039	-449.8682092871546	679.098486504828
2040	335.4588087072045	-345.7803384812746
2041	-30.42659550179005	-1272.419853503798
2042	-78.26399827498248	1333.206294638819
2043	732.5840763378853	-1375.76019705684
2044	-474.9801633686866	-1851.846202449238
2045	2.790642719886569	1518.616156242711
2046	1362.21334282166	-800.1586838372162
2047	-1504.79590426793	449.9023990606362
2048	-2197.666161211634	846.9573002654033
2049	1239.92859245657	-1974.48619901783
2050	1765.680213223524	229.7403098325482
2051	716.8695707575488	616.3737686767732
2052	-1214.875873858065	355.332688906751
2053	-517.6804525650159	222.6405680205761
2054	332.8612104807818	657.1963567313279
2056	169.7536771767169	841.6800503676499
2057	-331.07404022858	422.1357014131434
2058	73.39781514916628	-419.8622882439552
2061	300.9278658564573	320.7430041893073
2062	375.4167877501285	-188.0816130781334
2063	-85.07265493564289	-344.0838106367336
2068	-189.7114036881175	-297.8003078051141
2069	-214.4658746040591	278.2586735651183
2077	-166.896692863741	-264.3091262414473
2079	323.3784859290323	29.63426316217051
2522	-13.61181045164558	338.6427699382885
2531	303.5985237894063	385.4244446351469
2535	-106.8296134758561	447.9857138287846
2539	-285.9184158815974	-193.8534177557531
2540	-168.0319850602568	-365.2636786877441
2542	-279.8817207611781	659.4656170858427
2543	-468.872890697879	-1025.52229244684
2544	334.811893185584	-179.9996298152905
2545	-463.4832950278218	467.013017600989
2546	28.81002092048152	-704.9066062901578
2547	358.4120627491379	62.3944029281252
2550	-686.5093414015555	-801.0073928785125
2551	1106.730708058562	601.4712019335946
2552	449.2345134892143	-731.1550797427772
2553	-616.6992214387012	261.5004191004166
2554	678.5981304410918	840.6166666808646
2555	-692.6492540352556	150.6558946742979
2556	-960.349971420581	710.5543623815713
2557	881.5566633102328	-252.8120420480668
2559	620.3311219670572	149.6197897769965
2561	-589.7467571203273	-927.789233761868
2562	2036.975226445109	118.7744848463735
2563	-885.9438738842108	270.5652484301377
2564	-601.8512582945414	976.3319802539903
2565	-18.80807384949319	516.0181899694676
2566	179.4551197084088	-407.2131252091758
2567	157.4904227478253	653.158664444844
2568	-252.0780930296349	-315.8881040721378
2569	329.7110587634899	-487.3931355148138
2570	-185.9756801081826	-335.5453332967593
2573	160.7065202648998	-673.9631090790033
2574	-313.6328465833439	-34.67545285549117
2575	-442.4437073986999	55.90916797391667
2579	-379.7358137455674	124.7301134705179
2581	274.5048492492192	313.0812367055813
2583	-174.0626144935112	-362.6280915723049
2590	433.6245407937097	-55.74779039268752
2592	-307.1123199383421	247.4834654897051
2593	179.2505212556543	334.9685791050996
2595	208.8338394913254	-264.9917538246326
3035	-295.4105847490216	-121.4313203313875
3043	-218.4234013512694	-219.2973206717133
3046	2.089031745536373	-366.8259428996561
3047	398.4950825170066	-253.0589515945248
3048	-661.7102620819682	-35.66264760961513
3050	-419.5282804890922	-260.3044912046853
3056	-48.96757526987443	582.3443743298606
3057	11.92351440453497	-987.3081369710901
3058	602.8706645950774	466.9689599209394
3060	380.7051092173714	22.90710108878464
3061	84.0862732588714	452.5236844604551
3062	17.97833088227748	766.6968567987641
3063	528.8771053266057	-101.4078359283376
3064	-979.0424031987221	-622.8744073366171
3065	387.7204342355916	1440.411904796629
3066	210.1366028250914	-384.1994200459235
3067	-79.19493850336185	-499.7350203022841
3068	-523.227478954989	26.66511169691772
3069	-84.13583207702658	-750.9608333522376
3070	1173.135952781178	-640.5027575511727
3072	-1161.887321058599	550.3068820510517
3073	892.1877478274207	176.9829944837249
3074	215.9614662706783	359.0897348914644
3075	-1120.216199385286	60.93345993457545
3076	614.4175310303916	263.5893769821664
3077	10.69801426868971	364.9175633306999
3078	-93.19012218284519	-519.0097976262955
3079	-196.6135829733504	-475.5237255335453
3081	-92.27501543509649	-360.4851812387311
3085	-408.9891922907875	421.7269077097418
3087	380.3753893121637	104.7444667598094
3104	355.6050707978213	207.4354013688389
3107	-298.8264544709236	69.31528195203063
3557	-8.278688567074086	-491.3405695425059
3559	-772.0555997704263	-252.2709518506412
3560	652.5284125067037	146.548583504443
3561	366.578200792385	100.7148986247067
3566	218.5066598620323	-332.5883640006079
3567	316.8649141773968	153.8107311681885
3569	-262.8709093434764	665.5109495451694
3570	395.2966001940449	117.4105945295619
3571	-677.3979459013184	-295.4684957398034
3575	-641.5899516916727	-526.5449553389574
3576	-462.0554982036275	253.0518512653305
3577	1061.528210046225	-710.614056522598
3578	-614.5451650126182	-287.9162440067358
3579	-245.5822098524767	204.2350372926655
3580	413.0207423886397	720.2187161891816
3582	293.5609755449261	-144.3629729931815
3583	-459.0992827225026	606.3422733757634
3584	302.9103249622567	220.3884025128039
3586	-52.47122116810804	-957.1452377575338
3587	-198.1875905200905	1233.958037900342
3588	-645.1633916884857	271.0230296398659
3589	468.0976322166221	-1406.456856236295
3590	-377.5083042883088	220.1155690096742
3591	-306.7173369916287	-4.726463390161197
3592	395.559938415506	-46.61439574619909
3593	-340.651874576782	-359.6750222242541
3594	456.9686874786838	142.5616938221109
3595	-164.8439025427866	565.3879724394604
3596	-143.1718152285927	266.7377336591628
3597	433.8424980923506	-71.42814813830584
3598	354.4273003600316	-208.7062887294346
3600	44.31867917506335	-312.3842454739979
3613	-265.8620961760079	290.4373668643682
3619	115.0916724173519	288.3024668931787
4056	377.8526029705029	33.69614803003238
4063	336.2899128701202	124.6022113786044
4068	253.437893181811	-243.9406519873538
4069	312.258609071713	302.9081044923781
4072	375.8162356073697	-32.33526124354971
4077	-428.0796173650654	402.275497341242
4078	-608.0743206621263	-255.3869295038057
4079	423.3579367325714	100.6803684225108
4080	-505.225713633417	442.9325897079435
4081	348.6284164320837	-257.7817768397281
4082	-623.9415254819345	-451.9843532446355
4083	-532.7492208382365	322.9366675298253
4084	595.6316547534241	-470.3654655425879
4085	-394.4880464762065	-286.0611637589232
4086	752.1573026979456	-258.1502451705797
4087	172.8706891833839	670.6407987434613
4090	-218.8979169791032	854.5665154835782
4091	207.3586766376504	-449.1706906649491
4092	283.760390248306	-313.1561437307907
4094	53.99114603526991	-533.2967666380264
4095	192.1954874710822	508.0333339350389
4096	-375.7893451752115	149.5553523178409
4097	308.7633142850038	-739.3519409793565
4098	-617.8766646979095	1356.836414368743
4099	-610.1405853903466	-249.7656454935469
4100	1012.376669704386	-1513.193677381497
4101	-429.7151560823502	578.7821373138048
4104	-289.088810492429	-421.3024859090419
4105	357.6453711754206	99.58361076895774
4106	293.8423523514021	275.422517550211
4109	-154.0546037358276	-290.9598814783368
4110	-169.433587214095	-316.4996797180991
4124	-165.163629689771	348.283914495623
4125	363.9852856105291	74.00196536182052
4581	148.6625258176487	-290.4741673474362
4582	-110.1278171648932	321.0433253555055
4583	-86.74609529456761	331.3053594238875
4584	-327.7148320602559	79.66400419962368
4585	-369.5569696408868	-172.7392452345976
4590	507.374974772032	-69.95998267430026
4591	-600.0644431724294	-107.5390891355754
4592	222.7301926977376	-751.7018014488834
4593	686.946405621445	41.33962758884093
4594	-699.0696923852697	489.0355707898457
4595	1077.966851645583	-590.7437406727045
4596	76.89349641356705	295.4792484771892
4597	-10.78522616320524	484.7203127541411
4599	-649.777850837906	309.4222943347801
4600	-72.66910633409751	-650.2701138777791
4604	-382.8730254620621	142.1945070505514
4605	721.2208309440194	-289.6552423530478
4606	246.6143579470051	884.5581117339915
4607	-848.7517484829879	85.070609377805
4610	888.0766587310972	-534.200822376069
4612	-779.9503580343916	-118.6180414297281
4613	584.9427076585617	115.4074216248815
4614	216.5259096859372	-550.7946326393516
4615	118.5927173904098	333.7048924331368
4616	-90.3207758409887	337.2600011694562
4621	167.3938792547929	-283.1458435839987
4622	-228.403767160861	268.7872005629216
4636	305.3734288259637	-88.93189473262618
4637	-158.0721390894387	-273.9147771506732
5091	-402.4144273830167	-110.4953856513249
5098	156.8196643934427	-507.6171204988515
5103	377.0025886727664	189.7672160817345
5104	425.2190079795404	502.0475681366865
5105	-480.6239321565534	142.678688344749
5107	-451.9702376566332	116.4127123616252
5109	68.11818552642755	-363.508026256806
5110	-330.3275044615393	-82.16532276728626
5112	-243.5597417031092	-260.0482483990969
5113	404.5700897449463	11.29591520170953
5114	458.1125357778085	-81.99636808897846
5116	68.88734208843397	501.1856094064847
5117	-304.7339148419845	-535.6037734280025
5118	376.1552271686041	-645.7071670378721
5119	-223.6636297985167	1274.418132428737
5120	-625.5260724077507	-408.0932106882627
5121	869.4199278632765	-788.6464231706186
5122	-471.3498398065018	105.4335509004234
5123	79.18532042971154	447.585693113374
5125	430.1997616906348	-608.8439927650335
5126	-258.9188623079849	688.3641179611284
5128	525.8067362318739	-148.4210082384922
5130	-262.0550046783354	474.3868694407416
5132	-10.19246819088109	-480.4803760141546
5133	-340.6921054367344	-81.85403859908664
5142	238.6175629502325	-356.1893198418563
5602	-83.48389125109013	-398.5375014736516
5606	186.2713363229215	-337.3533265088986
5607	388.105846540667	355.2343452794703
5608	-643.8060689682466	-151.4937747653057
5609	326.8195074085656	-612.0203898036261
5610	238.4658972998035	677.1620406794896
5612	331.2349021421384	253.4661561325632
5613	-360.2967326168882	655.8756595653101
5616	-449.9697357914205	-476.8157721815516
5617	228.1166358197916	244.8101073316235
5618	-615.6089703894767	17.10026303012545
5619	56.62662129961735	-532.7437306501264
5620	424.9453064243249	-269.6248380584238
5622	436.1842282006143	233.7533101452674
5623	348.1248376420308	381.6090589942582
5624	-539.472345123786	19.69087570340807
5625	-4.3717075668173	-508.4043689172956
5628	347.339010716298	-9.477414202995012
5629	-482.9068885094758	107.9738058007139
5630	-284.0431499200199	168.7161552017683
5631	520.3334806483061	-32.19903194620019
5633	-255.5491128044827	-468.1572755472396
5634	272.474505573171	394.8966617452442
5637	-145.3730712105602	508.2358974762253
5638	-266.1775087261371	251.8575659381024
5639	725.1008929572218	-319.91628917509
5640	-400.1851299700298	-34.51875643543875
5641	-521.9169694184312	123.6239638442242
5642	468.5907467592573	167.2948496264891
5643	-427.9283321322211	-469.9114879750526
5644	-247.2028834808633	-191.6021336796618
5645	33.04370573103638	384.2190532187589
5654	-551.8446531266243	-10.86743376059914
6117	422.5607779539941	22.61230702655939
6118	54.8577396074874	383.1294594305499
6121	-26.48188819478585	578.8671026600007
6124	-335.4825408685787	327.8572256899765
6126	-510.9605166531567	-274.5730727779357
6127	-252.1290627178222	-372.7674628600246
6128	290.0426834977978	-219.0133131062166
6129	231.3920007869225	-214.1849082332019
6130	322.4994051651622	261.6014555555246
6131	316.1774436522606	194.8174007600371
6135	37.92030069079416	-445.2898378425626
6136	-157.3437337109139	310.0768898639795
6137	-290.2816170862373	178.8102069436365
6138	517.725736792211	-320.9237529314555
6139	378.5733277859909	46.03810855752299
6140	-401.4316171209406	366.390017834624
6142	245.6933808318945	-202.1312202388976
6143	-493.2285957337353	174.2744574406347
6144	81.38887947146421	-459.0714738790443
6145	352.3824349349717	0.4657630535710214
6146	-0.2201313157473419	370.5233406546027
6150	430.2226919897529	-94.19370238142197
6151	-562.8917669819225	-139.3772765413654
6153	399.8781924464797	341.6065756752309
6154	-475.1492085303113	-433.2563935580249
6157	586.0742315985606	-356.0198025061568
6161	-246.5964451822986	-310.5288863300831
6166	356.3649822075789	177.6923255647019
6629	-453.8533279939368	-107.0984447823991
6632	-358.3530798390934	-117.4555371651707
6633	181.2356841678865	-315.5746296072356
6634	-466.0596653681908	39.6361656205484
6635	-223.6278720259616	-391.2684735004875
6636	479.0034836392733	95.53107308215338
6637	-256.2234364850765	-345.7161307966413
6638	448.9429705204374	388.6525389159326
6639	277.8847281311008	329.5050335746098
6641	44.21041038417412	303.5558596567536
6643	-263.0080372391143	-178.1374244899751
6644	-433.4442916506824	84.93168486868977
6646	403.0253012680607	111.1483739965684
6647	-337.085867104111	-266.5436971160516
6648	397.6926244570955	94.21832756888945
6649	336.7107951460804	151.2278127211862
6650	-504.7914759592181	-262.362879759746
6654	-467.2778274234449	130.7104426842816
6655	613.4802158718824	10.36920507910514
6658	177.9147038322491	284.7020768424223
6659	-331.2038773704293	-9.328023626965075
6660	103.0294554387027	-315.6146056044811
6661	386.4411813301071	216.8196292035962
6662	-639.8682119098476	266.3525522283927
6663	-96.14491627610575	-297.9329201238063
6666	-10.00060757495426	333.852439309468
6669	-223.1354915778432	-217.6204697003362
6673	-205.3791343647612	434.5225306635468
6678	125.9554520429555	-274.9621248544514
7129	-37.51999406504714	297.8755970673178
7137	-184.6846510695951	-339.2493176708262
7140	-302.2882152058767	-143.8625475695329
7143	-393.0294901738987	-280.0127397005768
7144	407.668126105217	-198.9935080367045
7145	201.9054483905661	290.1654934030726
7147	168.0760807230888	256.4008851582728
7149	183.7900672322589	368.4482323079205
7151	-429.8337342708904	-560.5102420731791
7152	36.11113258433382	350.4587708774081
7153	-264.9802100533	-151.2934498196998
7154	50.06392974897666	-456.28129017877
7156	289.6817106918323	95.97740813071906
7159	-515.5663507683839	223.3390706097523
7161	46.52351503770394	-310.7285737568373
7163	303.6462108966785	298.9015465143103
7165	-403.0576154221604	-340.06059115877
7166	624.9124227288182	12.04983123376427
7168	-327.9293715315166	-367.4097407230008
7169	423.5158049304185	209.5215900496571
7170	-119.6146911640613	508.0633488259616
7176	98.31489273589314	347.9434071346705
7177	-426.5963164597263	-249.5916303664694
7178	418.8399737186664	-222.3911753669776
7181	-98.33070308973909	531.9836694782822
7185	334.6476072985053	-15.53492186351321
7651	102.2121076732044	-282.9996576125985
7652	303.1557687363166	314.5983882405702
7655	422.5353721755753	141.4004905543706
7660	-382.4543688611787	-2.643909806758208
7662	-50.49087686265353	-300.5551818373649
7664	557.3752908477231	-193.7811989700321
7667	-159.7319597095845	507.8125836843832
7668	-472.8772433251409	-178.9795326397445
7671	177.3449779506258	401.4032713472748
7673	-267.5900713978315	-347.6307090326775
7676	-263.3940956384427	-158.6538518915353
7679	349.2361758814496	-8.37925682257463
7680	-41.97333290230477	519.1921838201779
7682	253.1920389716664	-164.949505823816
7683	-397.7367237603772	215.0808414436034
7687	-237.4405578149238	310.2513517555331
7688	86.87672255764318	-645.851111399412
7689	410.1197822423524	229.9899584793675
7695	-266.4831588746376	-246.8475475456286
7696	310.4159969271298	53.84639812585846
8150	-348.7484173916282	86.85603093740222
8151	128.6247594525558	-382.5342635155866
8152	282.6492591673743	104.5525236941371
8167	-399.25472327355	-51.22909429946273
8170	-462.6595581688408	-92.04415310017993
8171	52.62560592456062	-367.875793106487
8172	473.3440418338386	-19.85265483235447
8173	329.8577918742797	49.66378422250093
8175	253.2118759300167	404.103038643845
8176	-233.6697458037253	-249.809088112505
8185	-643.6686865623768	400.9971970031607
8186	-100.778790065633	-494.3134244821047
8187	637.1231593475566	-126.3475405899173
8188	-248.5009134427833	510.1283832127781
8194	-448.5463122372585	175.4234294159205
8195	211.9313839868962	-270.3850152962644
8199	265.8240096779565	-336.9828743684293
8204	-176.9707594599483	264.4307253473929
8205	-303.7510868312519	63.67305878000584
8212	39.40619522727587	-323.3692775846777
8215	-115.4223307112042	306.2578545021532
8673	-256.8206655595876	211.854010774707
8676	-372.1361809762441	76.90041710405498
8679	42.30347678716682	-298.0222368754693
8680	625.0503177050558	-113.5809478637362
8683	109.8674803337263	343.868906142703
8684	-295.8913606810138	-223.6141003237357
8686	-193.3930131624756	547.5244269157097
8690	245.506595941736	-261.2218802059364
8691	299.313143550223	148.0004410823374
8692	-87.37624932879929	297.0850184105252
8697	141.0241668450317	303.4489150978736
8706	310.0097067780878	-38.43486770386167
8715	-522.3743961165227	200.9637153916463
8722	-343.4124013101095	41.41215795582728
9193	59.41501914596029	335.250279807961
9198	541.2783561855139	16.22604003232775
9202	-281.5492350888486	197.4767970829613
9203	-256.3881228059712	-257.2007678243705
9204	186.5941880814957	-268.819485041025
9208	-293.8539864104602	272.116103901481
9210	152.7797928604648	-276.9029321438667
9217	25.25799384695957	330.3703064769272
9218	-115.9757287885614	-328.9142941487093
9222	-319.0973539688365	43.90271816525827
9223	-171.2269144736732	-285.1846025989586
9224	401.7527723656686	-101.8859738802209
9225	50.11594525202145	559.8401967023258
9226	-437.551455164036	-79.20910336971005
9232	-223.4074404060497	266.4198847147453
9701	208.7035492742907	331.3167806793444
9705	-60.30149699416663	-330.6895297726352
9707	255.3873365043787	-166.3910642323164
9712	-242.8908837924508	178.1359875904636
9713	-170.9896644700216	-508.748123353872
9714	433.9358209570123	-16.3427543821521
9720	318.5113302511876	244.1594709213069
9721	86.23969628122565	-324.3948995954109
9724	15.16010272800521	432.7415098417717
9729	101.873055479126	-300.8556006723264
9735	354.5361304592544	95.4752880581068
9741	193.3185032496133	-276.2680147399386
10202	-52.71738328316221	-299.7453393465976
10220	-349.3011316067189	101.248700490219
10226	277.336868790369	-257.2613355417816
10227	194.6262352475756	328.15952050484
10229	-148.368801258207	-357.0444938282235
10232	445.868424314425	-85.17596827576253
10233	-560.2972841890016	382.1775781418862
10235	297.4587496091122	-87.76022640244116
10240	116.7135793470187	-306.0716281076301
10243	384.3433491010989	-31.05151289836882
10252	268.8341510871436	-255.66119418497
10255	196.0534671216338	239.315712331973
10734	86.13841466507374	-312.09721801523
10735	218.1835310361775	298.6903538421363
10740	448.8889652034002	133.2643725267925
10741	-280.0052102039267	349.7968323972734
10742	-301.7819875791465	92.07047174189978
10747	62.51838655241533	-354.4376190912761
10749	-215.4417956605205	225.4694238390598
10750	55.74018786596311	-322.9573234909922
10753	270.5843808144184	139.2057663951945
10755	-356.9267625670641	31.29529154933247
10760	187.5575187038998	329.2906783268003
11236	-0.3804986578385934	-306.2504443577278
11242	401.7043320266891	-251.6867040367311
11243	-44.16699817947763	464.5741337394624
11246	-398.7274965737548	-81.2218763056138
11251	-186.8642444913584	266.463783989469
11252	-45.92344924339922	-591.0035365049422
11253	125.5353439132511	309.4714003032817
11254	-253.5014990666337	169.6686240678385
11255	4.874384890652812	-619.5002258175513
11257	-265.8109278705645	167.5004844960792
11261	316.5275463921772	-114.7562851799578
11266	-478.6383499628843	-117.6029773581654
11269	-180.8517361259265	-281.0222513806129
11275	298.8553375258463	31.42974932989908
11278	21.1131631300224	326.5390303170095
11757	-113.7889485511414	-348.2221417425757
11764	-285.3655018078401	-107.4904801684224
11769	118.5122555345869	366.2895386108255
11772	199.6643360956219	245.0256186522024
11773	-282.2673301945549	123.7919792978998
11774	-133.3644668429187	-409.2831954890588
11783	296.8617322493225	71.32526378184849
11784	-356.904433925099	-42.60664323079597
11788	273.7679829736284	128.4949613792329
12265	-279.4630277844113	-242.5950887080174
12275	226.8822680887446	-218.6790045350614
12276	216.0703905788135	280.0575310461532
12277	-355.6613037292923	113.5182223140539
12288	335.7715431036887	123.7664566264066
12296	56.05205427859349	309.2563903154367
12298	239.4106659653511	-436.1723300834221
12299	250.8767213156036	279.1305114434948
12759	202.0685831362976	-281.4864401795296
12783	204.7658659668621	-377.2164627905889
12784	155.3643994544191	312.5395598211292
12785	-341.2573375803216	301.8638370007774
12789	334.8020540543904	299.6437519015814
12791	-313.8611491821302	-368.3215445403226
12808	-197.3330770855158	-248.1288857561739
13286	320.2741718263741	-42.06179515608986
13293	1.375563754907784	327.2273277415572
13299	-85.11190558986196	-348.823402328671
13305	345.4939121931445	-120.4053752123087
13310	-302.2213432528175	49.94492976193857
13323	310.2253155827697	108.2702693683891
13811	-373.7728891055932	214.1456291435921
13818	-210.083782696653	226.3315785343241
14319	199.1851939270406	235.5778436222402
14323	308.5754362264379	97.9978436290308
14335	-201.8069769324528	-356.4336779767805
14337	-174.5334811054714	292.321271332777
14343	-314.180370074996	-155.1334126293612
14841	333.7944919715543	164.5445863202206
14842	-234.5122432552483	234.724099756434
14843	-252.6395517301788	-330.0874912880065
15341	6.7753029743634	367.182408531051
15342	-301.4204726165161	25.84327096332419
15348	-64.21178342175089	-324.1882612658639
15349	383.158833173756	27.21095117968117
15355	-268.2426372536418	220.1655691137317
15356	160.0836528126428	-286.4273460024163
15357	336.5436637132134	232.6264252394161
15859	-287.6764469316774	126.5294058736408
16367	-182.0967296299805	318.6547621885202
16373	-35.69717718165543	-398.9066297471288
17911	-20.30212173569321	317.8929223916923
18419	267.6584122474881	271.6450268386003
18931	155.8254631093829	-261.4597966684785
19449	137.5558063450011	-267.9290679550529
242695	137.5558063450008	267.929067955053
243213	155.8254631093828	261.4597966684787
243725	267.6584122474883	-271.6450268386001
244233	-20.30212173569287	-317.8929223916923
245771	-35.69717718165591	398.9066297471286
245777	-182.0967296299802	-318.6547621885205
246285	-287.6764469316774	-126.5294058736412
246787	336.5436637132138	-232.6264252394156
246788	160.0836528126425	286.4273460024166
246789	-268.2426372536415	-220.1655691137319
246795	383.1588331737561	-27.21095117968068
246796	-64.21178342175119	324.1882612658639
246802	-301.4204726165162	-25.84327096332447
246803	6.775302974363851	-367.1824085310511
247301	-252.6395517301792	330.087491288006
247302	-234.512243255248	-234.724099756434
247303	333.7944919715545	-164.5445863202203
247801	-314.1803700749962	155.133412629361
247807	-174.5334811054712	-292.3212713327773
247809	-201.8069769324531	356.4336779767802
247821	308.5754362264379	-97.9978436290306
247825	199.1851939270409	-235.57784362224
248326	-210.0837826966528	-226.3315785343243
248333	-373.7728891055929	-214.1456291435924
248821	310.2253155827699	-108.2702693683887
248834	-302.2213432528175	-49.94492976193879
248839	345.4939121931445	120.405375212309
248845	-85.11190558986227	348.823402328671
248851	1.375563754908195	-327.2273277415572
248858	320.2741718263741	42.06179515609008
249336	-197.333077085516	248.1288857561737
249353	-313.8611491821307	368.3215445403222
249355	334.8020540543907	-299.643751901581
249359	-341.2573375803211	-301.8638370007778
249360	155.3643994544195	-312.5395598211291
249361	204.7658659668618	377.2164627905892
249385	202.0685831362973	281.4864401795297
249845	250.8767213156038	-279.1305114434946
249846	239.4106659653507	436.1723300834225
249848	56.05205427859372	-309.2563903154367
249856	335.7715431036886	-123.7664566264065
249867	-355.6613037292921	-113.5182223140543
249868	216.0703905788137	-280.057531046153
249869	226.8822680887444	218.6790045350615
249879	-279.4630277844116	242.595088708017
250356	273.7679829736285	-128.4949613792326
250360	-356.904433925099	42.60664323079559
250361	296.8617322493226	-71.32526378184815
250370	-133.364466842919	409.2831954890588
250371	-282.2673301945547	-123.7919792979001
250372	199.6643360956221	-245.0256186522022
250375	118.5122555345873	-366.2895386108252
250380	-285.3655018078402	107.4904801684223
250387	-113.7889485511419	348.2221417425756
250866	21.11316313002274	-326.5390303170094
250869	298.8553375258463	-31.42974932989877
250875	-180.8517361259267	281.0222513806128
250878	-478.6383499628844	117.6029773581649
250883	316.5275463921771	114.7562851799583
250887	-265.8109278705643	-167.5004844960795
250889	4.874384890652057	619.5002258175513
250890	-253.5014990666334	-169.6686240678387
250891	125.5353439132515	-309.4714003032816
250892	-45.92344924339968	591.0035365049422
250893	-186.8642444913582	-266.4637839894693
250898	-398.7274965737548	81.22187630561343
250901	-44.1669981794771	-464.5741337394623
250902	401.7043320266889	251.6867040367314
250908	-0.3804986578389127	306.2504443577276
251384	187.5575187039001	-329.2906783268
251389	-356.9267625670642	-31.29529154933284
251391	270.5843808144184	-139.2057663951942
251394	55.74018786596265	322.9573234909923
251395	-215.4417956605204	-225.46942383906
251397	62.51838655241482	354.4376190912762
251402	-301.7819875791464	-92.07047174190002
251403	-280.0052102039263	-349.7968323972736
251404	448.8889652034003	-133.2643725267919
251409	218.1835310361778	-298.6903538421359
251410	86.13841466507334	312.09721801523
251889	196.053467121634	-239.3157123319728
251892	268.8341510871433	255.6611941849702
251901	384.343349101099	31.05151289836923
251904	116.7135793470183	306.0716281076301
251909	297.4587496091121	87.76022640244139
251911	-560.2972841890013	-382.1775781418867
251912	445.8684243144249	85.17596827576304
251915	-148.3688012582074	357.0444938282234
251917	194.6262352475757	-328.1595205048397
251918	277.3368687903688	257.261335541782
251924	-349.3011316067188	-101.2487004902193
251942	-52.71738328316253	299.7453393465975
252403	193.3185032496131	276.2680147399387
252409	354.5361304592546	-95.47528805810636
252415	101.8730554791255	300.8556006723265
252420	15.16010272800591	-432.7415098417719
252423	86.23969628122533	324.3948995954111
252424	318.5113302511878	-244.1594709213065
252430	433.9358209570123	16.34275438215251
252431	-170.9896644700222	508.7481233538717
252432	-242.8908837924506	-178.1359875904638
252437	255.3873365043784	166.3910642323167
252439	-60.3014969941671	330.689529772635
252443	208.7035492742911	-331.3167806793442
252912	-223.4074404060495	-266.4198847147455
252918	-437.5514551640361	79.20910336970961
252919	50.11594525202204	-559.8401967023259
252920	401.7527723656686	101.8859738802214
252921	-171.2269144736736	285.1846025989584
252922	-319.0973539688367	-43.90271816525864
252926	-115.9757287885617	328.9142941487093
252927	25.25799384696007	-330.3703064769273
252934	152.7797928604647	276.9029321438668
252936	-293.8539864104599	-272.1161039014813
252940	186.5941880814954	268.8194850410251
252941	-256.3881228059714	257.2007678243704
252942	-281.5492350888484	-197.4767970829617
252946	541.2783561855139	-16.2260400323273
252951	59.41501914596069	-335.2502798079609
253422	-343.4124013101094	-41.41215795582763
253429	-522.3743961165223	-200.9637153916469
253438	310.0097067780878	38.43486770386205
253447	141.024166845032	-303.4489150978734
253452	-87.37624932879908	-297.0850184105253
253453	299.3131435502232	-148.0004410823373
253454	245.5065959417356	261.2218802059367
253458	-193.3930131624749	-547.5244269157101
253460	-295.891360681014	223.6141003237353
253461	109.8674803337266	-343.8689061427029
253464	625.0503177050557	113.5809478637367
253465	42.30347678716653	298.0222368754693
253468	-372.136180976244	-76.90041710405526
253471	-256.8206655595873	-211.8540107747073
253929	-115.4223307112038	-306.2578545021534
253932	39.40619522727548	323.3692775846778
253939	-303.7510868312519	-63.67305878000616
253940	-176.9707594599481	-264.4307253473932
253945	265.8240096779562	336.9828743684297
253949	211.9313839868958	270.3850152962646
253950	-448.5463122372583	-175.4234294159215
253956	-248.5009134427831	-510.1283832127784
253957	637.1231593475563	126.347540589918
253958	-100.7787900656335	494.3134244821044
253959	-643.6686865623765	-400.9971970031615
253968	-233.6697458037253	249.8090881125048
253969	253.2118759300172	-404.1030386438447
253971	329.8577918742795	-49.66378422250049
253972	473.3440418338386	19.8526548323549
253973	52.62560592456002	367.8757931064868
253974	-462.6595581688408	92.04415310017926
253977	-399.2547232735501	51.22909429946245
253992	282.6492591673745	-104.5525236941368
253993	128.6247594525551	382.5342635155869
253994	-348.748417391628	-86.85603093740259
254448	310.4159969271299	-53.84639812585809
254449	-266.4831588746377	246.8475475456282
254455	410.1197822423524	-229.989958479367
254456	86.87672255764284	645.851111399412
254457	-237.4405578149236	-310.2513517555333
254461	-397.7367237603772	-215.080841443604
254462	253.1920389716664	164.9495058238161
254464	-41.97333290230484	-519.1921838201782
254465	349.2361758814496	8.379256822574966
254468	-263.3940956384428	158.6538518915352
254471	-267.5900713978317	347.6307090326775
254473	177.3449779506264	-401.4032713472748
254476	-472.877243325141	178.9795326397441
254477	-159.731959709584	-507.8125836843833
254480	557.3752908477231	193.7811989700325
254482	-50.49087686265388	300.5551818373649
254484	-382.4543688611786	2.643909806757632
254489	422.5353721755756	-141.4004905543702
254492	303.155768736317	-314.59838824057
254493	102.2121076732042	282.9996576125985
254959	334.6476072985053	15.53492186351362
254963	-98.33070308973866	-531.9836694782822
254966	418.839973718666	222.391175366978
254967	-426.5963164597265	249.591630366469
254968	98.31489273589352	-347.9434071346703
254974	-119.614691164061	-508.0633488259618
254975	423.5158049304187	-209.5215900496565
254976	-327.9293715315171	367.4097407230004
254978	624.9124227288183	-12.04983123376353
254979	-403.0576154221605	340.0605911587696
254981	303.6462108966788	-298.90154651431
254983	46.52351503770371	310.7285737568372
254985	-515.5663507683835	-223.3390706097528
254988	289.6817106918323	-95.97740813071897
254990	50.0639297489763	456.28129017877
254991	-264.9802100533003	151.2934498196996
254992	36.11113258433413	-350.458770877408
254993	-429.8337342708911	560.5102420731787
254995	183.7900672322593	-368.4482323079201
254997	168.0760807230892	-256.4008851582727
254999	201.9054483905665	-290.1654934030723
255000	407.6681261052167	198.9935080367048
255001	-393.029490173899	280.0127397005766
255004	-302.2882152058769	143.8625475695327
255007	-184.6846510695954	339.2493176708259
255015	-37.51999406504672	-297.8755970673178
255466	125.9554520429552	274.9621248544514
255471	-205.3791343647607	-434.522530663547
255475	-223.1354915778433	217.6204697003361
255478	-10.00060757495395	-333.8524393094681
255481	-96.1449162761061	297.9329201238061
255482	-639.8682119098473	-266.3525522283931
255483	386.4411813301074	-216.8196292035958
255484	103.0294554387024	315.6146056044813
255485	-331.2038773704293	9.328023626964741
255486	177.9147038322496	-284.7020768424221
255489	613.4802158718825	-10.36920507910469
255490	-467.2778274234449	-130.7104426842822
255494	-504.7914759592181	262.3628797597455
255495	336.7107951460805	-151.2278127211859
255496	397.6926244570955	-94.21832756888905
255497	-337.0858671041113	266.5436971160513
255498	403.025301268061	-111.1483739965681
255500	-433.4442916506824	-84.93168486869001
255501	-263.0080372391144	178.137424489975
255503	44.21041038417453	-303.5558596567535
255505	277.884728131101	-329.5050335746096
255506	448.9429705204379	-388.6525389159319
255507	-256.2234364850768	345.716130796641
255508	479.0034836392734	-95.53107308215287
255509	-223.627872025962	391.2684735004873
255510	-466.0596653681907	-39.63616562054885
255511	181.235684167886	315.5746296072358
255512	-358.3530798390936	117.4555371651706
255515	-453.8533279939372	107.0984447823983
255978	356.364982207579	-177.6923255647016
255983	-246.5964451822989	310.5288863300828
255987	586.0742315985602	356.0198025061574
255990	-475.1492085303117	433.2563935580246
255991	399.8781924464799	-341.6065756752304
255993	-562.8917669819227	139.3772765413651
255994	430.2226919897527	94.19370238142247
255998	-0.2201313157467453	-370.5233406546025
255999	352.3824349349716	-0.4657630535704744
256000	81.38887947146388	459.0714738790442
256001	-493.2285957337352	-174.274457440635
256002	245.6933808318946	202.1312202388979
256004	-401.4316171209403	-366.3900178346246
256005	378.5733277859911	-46.03810855752238
256006	517.725736792211	320.9237529314557
256007	-290.281617086237	-178.8102069436367
256008	-157.3437337109136	-310.0768898639796
256009	37.92030069079353	445.2898378425624
256013	316.1774436522606	-194.8174007600368
256014	322.4994051651625	-261.6014555555244
256015	231.3920007869223	214.1849082332022
256016	290.0426834977975	219.0133131062169
256017	-252.1290627178226	372.7674628600245
256018	-510.9605166531568	274.5730727779352
256020	-335.4825408685785	-327.8572256899768
256023	-26.48188819478526	-578.8671026600007
256026	54.85773960748771	-383.1294594305499
256027	422.5607779539943	-22.61230702655885
256490	-551.8446531266242	10.8674337605986
256499	33.04370573103651	-384.2190532187587
256500	-247.2028834808635	191.6021336796616
256501	-427.9283321322217	469.9114879750521
256502	468.5907467592576	-167.2948496264886
256503	-521.9169694184309	-123.6239638442248
256504	-400.18512997003	34.51875643543839
256505	725.1008929572215	319.916289175091
256506	-266.1775087261369	-251.8575659381025
256507	-145.3730712105596	-508.2358974762253
256510	272.4745055731714	-394.8966617452439
256511	-255.5491128044828	468.1572755472396
256513	520.3334806483058	32.19903194620112
256514	-284.0431499200195	-168.7161552017687
256515	-482.9068885094758	-107.9738058007145
256516	347.3390107162982	9.477414202995346
256519	-4.37170756681762	508.4043689172958
256520	-539.4723451237862	-19.69087570340875
256521	348.1248376420312	-381.6090589942578
256522	436.1842282006148	-233.7533101452669
256524	424.9453064243247	269.6248380584241
256525	56.62662129961681	532.7437306501264
256526	-615.6089703894767	-17.10026303012604
256527	228.1166358197919	-244.8101073316234
256528	-449.9697357914211	476.815772181551
256531	-360.2967326168873	-655.8756595653105
256532	331.2349021421387	-253.4661561325627
256534	238.4658972998044	-677.1620406794895
256535	326.8195074085649	612.0203898036266
256536	-643.8060689682466	151.4937747653052
256537	388.1058465406675	-355.2343452794699
256538	186.2713363229212	337.3533265088988
256542	-83.48389125109068	398.5375014736516
257002	238.617562950232	356.1893198418565
257011	-340.6921054367345	81.85403859908631
257012	-10.19246819088156	480.4803760141544
257014	-262.0550046783348	-474.386869440742
257016	525.8067362318736	148.4210082384929
257018	-258.9188623079842	-688.3641179611285
257019	430.1997616906341	608.8439927650343
257021	79.18532042971196	-447.585693113374
257022	-471.3498398065012	-105.4335509004239
257023	869.4199278632752	788.6464231706199
257024	-625.5260724077513	408.093210688262
257025	-223.6636297985155	-1274.418132428737
257026	376.1552271686032	645.7071670378728
257027	-304.7339148419848	535.6037734280019
257028	68.88734208843451	-501.1856094064842
257030	458.1125357778085	81.99636808897874
257031	404.5700897449463	-11.29591520170919
257032	-243.5597417031094	260.0482483990967
257034	-330.3275044615393	82.16532276728586
257035	68.11818552642703	363.5080262568062
257037	-451.9702376566332	-116.4127123616256
257039	-480.6239321565534	-142.6786883447496
257040	425.2190079795408	-502.0475681366862
257041	377.0025886727668	-189.7672160817341
257046	156.8196643934421	507.6171204988519
257053	-402.4144273830169	110.4953856513245
257507	-158.0721390894389	273.914777150673
257508	305.3734288259636	88.93189473262645
257522	-228.4037671608607	-268.7872005629217
257523	167.3938792547927	283.1458435839987
257528	-90.32077584098832	-337.2600011694562
257529	118.5927173904102	-333.7048924331366
257530	216.5259096859369	550.7946326393518
257531	584.942707658562	-115.4074216248808
257532	-779.9503580343919	118.618041429727
257534	888.0766587310966	534.2008223760698
257537	-848.7517484829875	-85.0706093778056
257538	246.6143579470061	-884.5581117339915
257539	721.2208309440191	289.6552423530486
257540	-382.8730254620617	-142.1945070505517
257544	-72.6691063340981	650.270113877779
257545	-649.7778508379058	-309.4222943347806
257547	-10.78522616320468	-484.720312754141
257548	76.89349641356748	-295.4792484771891
257549	1077.966851645583	590.7437406727056
257550	-699.0696923852694	-489.0355707898465
257551	686.9464056214449	-41.33962758884003
257552	222.730192697737	751.7018014488837
257553	-600.0644431724294	107.5390891355748
257554	507.374974772032	69.95998267430083
257559	-369.556969640887	172.7392452345971
257560	-327.7148320602557	-79.66400419962388
257561	-86.74609529456723	-331.3053594238877
257562	-110.1278171648931	-321.0433253555055
257563	148.6625258176484	290.4741673474364
258019	363.9852856105291	-74.00196536182033
258020	-165.1636296897707	-348.2839144956232
258034	-169.4335872140953	316.4996797180991
258035	-154.0546037358279	290.9598814783367
258038	293.8423523514024	-275.4225175502107
258039	357.6453711754206	-99.58361076895726
258040	-289.0888104924295	421.3024859090417
258043	-429.7151560823498	-578.7821373138053
258044	1012.376669704384	1513.193677381498
258045	-610.1405853903468	249.7656454935464
258046	-617.8766646979084	-1356.836414368743
258047	308.7633142850028	739.3519409793569
258048	-375.7893451752113	-149.555352317841
258049	192.1954874710824	-508.0333339350387
258050	53.99114603526851	533.2967666380264
258052	283.7603902483057	313.156143730791
258053	207.3586766376499	449.1706906649491
258054	-218.8979169791024	-854.5665154835782
258057	172.8706891833845	-670.6407987434611
258058	752.1573026979453	258.1502451705804
258059	-394.4880464762067	286.0611637589228
258060	595.6316547534237	470.3654655425884
258061	-532.7492208382364	-322.9366675298259
258062	-623.9415254819348	451.984353244635
258063	348.6284164320834	257.7817768397283
258064	-505.2257136334167	-442.932589707944
258065	423.3579367325715	-100.6803684225103
258066	-608.0743206621269	255.3869295038051
258067	-428.0796173650651	-402.2754973412427
258072	375.8162356073695	32.33526124354998
258075	312.2586090717134	-302.9081044923777
258076	253.4378931818107	243.940651987354
258081	336.2899128701204	-124.602211378604
258088	377.8526029705028	-33.69614803003197
258525	115.0916724173522	-288.3024668931786
258531	-265.8620961760077	-290.4373668643684
258544	44.31867917506299	312.3842454739979
258546	354.4273003600314	208.7062887294351
258547	433.8424980923506	71.42814813830618
258548	-143.1718152285925	-266.7377336591629
258549	-164.8439025427859	-565.3879724394608
258550	456.9686874786839	-142.5616938221105
258551	-340.6518745767826	359.6750222242537
258552	395.559938415506	46.61439574619931
258553	-306.7173369916288	4.72646339016085
258554	-377.5083042883088	-220.1155690096744
258555	468.0976322166203	1406.456856236296
258556	-645.1633916884849	-271.0230296398667
258557	-198.1875905200888	-1233.958037900342
258558	-52.47122116810905	957.1452377575336
258560	302.9103249622566	-220.3884025128037
258561	-459.0992827225018	-606.3422733757637
258562	293.560975544926	144.3629729931819
258564	413.0207423886406	-720.2187161891812
258565	-245.5822098524766	-204.2350372926655
258566	-614.5451650126182	287.916244006735
258567	1061.528210046224	710.6140565225988
258568	-462.0554982036271	-253.0518512653313
258569	-641.5899516916731	526.5449553389568
258573	-677.3979459013186	295.4684957398028
258574	395.2966001940452	-117.4105945295616
258575	-262.8709093434755	-665.5109495451699
258577	316.864914177397	-153.8107311681881
258578	218.506659862032	332.5883640006081
258583	366.5782007923851	-100.7148986247063
258584	652.5284125067039	-146.5485835044424
258585	-772.0555997704266	252.2709518506405
258587	-8.278688567074809	491.3405695425058
259037	-298.8264544709236	-69.31528195203099
259040	355.6050707978216	-207.4354013688387
259057	380.375389312164	-104.744466759809
259059	-408.9891922907872	-421.7269077097421
259063	-92.2750154350968	360.4851812387309
259065	-196.6135829733508	475.523725533545
259066	-93.19012218284539	519.0097976262955
259067	10.69801426869002	-364.9175633307002
259068	614.4175310303917	-263.5893769821659
259069	-1120.216199385286	-60.93345993457691
259070	215.9614662706788	-359.089734891464
259071	892.187747827421	-176.9829944837236
259072	-1161.887321058599	-550.3068820510521
259074	1173.135952781177	640.5027575511739
259075	-84.13583207702703	750.9608333522373
259076	-523.227478954989	-26.66511169691803
259077	-79.19493850336234	499.7350203022839
259078	210.1366028250911	384.1994200459233
259079	387.7204342355934	-1440.411904796629
259080	-979.0424031987227	622.8744073366161
259081	528.8771053266057	101.4078359283381
259082	17.97833088227829	-766.696856798764
259083	84.08627325887213	-452.5236844604549
259084	380.7051092173711	-22.90710108878426
259086	602.8706645950778	-466.9689599209387
259087	11.92351440453386	987.3081369710902
259088	-48.96757526987393	-582.3443743298604
259094	-419.5282804890925	260.3044912046848
259096	-661.7102620819682	35.66264760961437
259097	398.4950825170063	253.058951594525
259098	2.089031745536117	366.8259428996562
259101	-218.4234013512697	219.2973206717131
259109	-295.4105847490217	121.4313203313872
259549	208.8338394913252	264.9917538246328
259551	179.2505212556546	-334.9685791050994
259552	-307.112319938342	-247.4834654897053
259554	433.6245407937095	55.74779039268795
259561	-174.0626144935115	362.6280915723045
259563	274.5048492492195	-313.0812367055811
259565	-379.7358137455673	-124.7301134705184
259569	-442.4437073986996	-55.9091679739172
259570	-313.6328465833438	34.67545285549087
259571	160.7065202648991	673.9631090790035
259574	-185.9756801081828	335.5453332967591
259575	329.7110587634893	487.393135514814
259576	-252.0780930296353	315.8881040721377
259577	157.4904227478259	-653.1586644448441
259578	179.4551197084085	407.2131252091759
259579	-18.80807384949258	-516.0181899694676
259580	-601.85125829454	-976.331980253991
259581	-885.9438738842103	-270.5652484301385
259582	2036.975226445109	-118.7744848463715
259583	-589.746757120329	927.7892337618667
259585	620.3311219670572	-149.6197897769956
259587	881.5566633102327	252.8120420480674
259588	-960.3499714205808	-710.5543623815722
259589	-692.6492540352556	-150.6558946742988
259590	678.5981304410925	-840.6166666808637
259591	-616.6992214387009	-261.5004191004174
259592	449.2345134892136	731.1550797427774
259593	1106.730708058563	-601.4712019335932
259594	-686.5093414015565	801.0073928785118
259597	358.4120627491379	-62.39440292812485
259598	28.81002092048083	704.9066062901578
259599	-463.4832950278212	-467.0130176009897
259600	334.8118931855839	179.9996298152908
259601	-468.8728906978803	1025.522292446839
259602	-279.8817207611773	-659.4656170858434
259604	-168.0319850602571	365.2636786877439
259605	-285.9184158815975	193.8534177557527
259609	-106.8296134758556	-447.9857138287847
259613	303.5985237894067	-385.4244446351465
259622	-13.61181045164527	-338.6427699382886
260065	323.3784859290321	-29.63426316217005
260067	-166.8966928637412	264.3091262414472
260075	-214.4658746040589	-278.2586735651186
260076	-189.7114036881179	297.8003078051138
260081	-85.07265493564354	344.0838106367333
260082	375.4167877501282	188.0816130781338
260083	300.9278658564577	-320.743004189307
260086	73.39781514916585	419.8622882439552
260087	-331.0740402285796	-422.1357014131436
260088	169.7536771767175	-841.6800503676496
260090	332.8612104807827	-657.1963567313275
260091	-517.6804525650155	-222.6405680205768
260092	-1214.875873858065	-355.3326889067523
260093	716.8695707575499	-616.3737686767719
260094	1765.680213223524	-229.7403098325463
260095	1239.928592456568	1974.48619901783
260096	-2197.666161211634	-846.9573002654043
260097	-1504.795904267929	-449.9023990606375
260098	1362.213342821658	800.1586838372172
260099	2.790642719887999	-1518.616156242712
260100	-474.9801633686884	1851.846202449237
260101	732.584076337884	1375.760197056841
260102	-78.26399827498106	-1333.206294638819
260103	-30.4265955017914	1272.419853503798
260104	335.4588087072041	345.7803384812751
260105	-449.868209287154	-679.0984865048285
260106	267.7621377301959	776.0078221925778
260107	-258.7205716255598	-337.3924282207194
260109	-388.6132508011859	-101.9027522132359
260113	16.82569737508003	-315.9458060560193
260116	176.6584584400334	-364.7411901592878
260118	-35.21154416188321	-512.4131983192011
260120	-74.38886164521092	-368.407159705495
260121	304.995514799743	353.6967785633096
260126	90.49573200817252	511.9437980890895
260131	120.933961895591	-274.9141010803094
260583	70.08531802635547	-317.0990355957846
260588	314.9184705786766	7.275998128970323
260589	197.7011264816641	-235.1888580638035
260590	-190.9091820656593	-374.4884939780541
260593	113.0293901347686	-290.6901003654354
260595	-275.0857555548169	-450.6471348086603
260596	233.3354705624746	-195.7916246993804
260597	-529.9398718566257	129.306517699159
260598	303.8275160620024	-60.36994519368415
260599	-360.1504862087936	468.6421921578452
260600	-274.5987933905618	-714.8506554387499
260601	324.8971329304117	-594.2410645122469
260602	-678.6830737453001	-438.2511341284234
260603	479.0971733986288	457.2331237848273
260604	-251.3682683474765	379.2498299282981
260605	967.3416820871047	1667.370301521507
260607	1180.056474639798	-212.1547569871327
260608	-1236.143592061544	2762.558552912531
260609	1110.554212285869	22.53248995403332
260610	1234.851886550139	-173.5176736443355
260611	-2571.842238083936	-90.89035190649503
260612	1846.408838788881	151.2920949395452
260613	-1273.264988065387	-1333.090486441214
260614	-125.1564621341078	-744.1418892468989
260615	-238.5571501806101	1387.783415795369
260616	-370.63035153545	-2422.297298561715
260617	754.6456873937273	993.3941548754414
260618	-947.8884737249024	-131.7861032931853
260619	-112.9223487317223	-510.1962127719469
260621	684.2694948866349	225.4663675356853
260622	-344.3371660585692	64.17384738833567
260623	-52.32483106355529	-905.7828815171438
260624	-11.31148838688747	632.9788806789096
260627	506.8263776987243	-535.6299000342354
260628	-40.13839703042306	469.9081881197825
260629	-314.8877171870519	240.9305297637545
260635	-34.08899103240685	372.3454792592012
261087	-271.362872136303	-145.1674038719234
261094	123.7806022557274	-320.2272580927799
261098	345.1514818717115	-15.27592872611493
261100	-358.8799431068034	-307.4010197875579
261103	429.5668833855774	271.3009596697819
261104	-227.5374099345228	-348.9400232715956
261108	-612.3457219033072	-28.98717948633913
261109	830.2974006566131	362.6575719071453
261110	-118.5226403420626	452.3759172941695
261111	434.3417373932689	-807.5555397372448
261112	-178.9420347017962	542.473615205269
261113	-530.2709791753812	-244.8164273285488
261114	1094.709089136737	1392.742573559178
261115	-304.3019597256478	85.10860872616897
261116	1798.046025356811	1043.50100307035
261117	1035.940253898911	-458.9539355899625
261118	2357.534845030395	807.8272737596398
261119	-1239.579730792858	2934.861846241081
261120	-5243.858713148656	-5032.873966124447
261121	769.0123985746364	-298.3182744153948
261122	-2685.613075127892	-1362.425509146353
261123	1963.7905163318	-1716.440165001518
261124	-923.9083788379133	2250.325516438929
261125	-787.6980362169566	-1042.765336388944
261126	1266.793300985776	-46.28526103484076
261128	431.8660573844501	552.8075014171667
261131	-53.27972050179417	494.7748517287192
261133	511.3906791503554	-285.0673889494718
261135	5.653489814683559	563.8532130074954
261136	325.6873636462064	232.5454317905216
261137	-56.1491053722015	-373.4505102725881
261139	-263.7510547108899	433.9124823800705
261141	593.3768195488843	-166.3713405844809
261143	-530.8744926866638	-172.6580073539866
261147	-221.9221400074111	-213.5085657314352
261149	58.08937510789981	314.3192437462144
261150	-243.9429423659451	-183.4613806817133
261596	-253.8119626618977	-238.4055366418501
261603	218.6777774683096	-246.2424685833763
261605	231.9237342138979	271.6913989805768
261612	142.8613458072332	693.6049286055916
261614	559.334870595683	-139.3679582546405
261615	-120.4101602326343	-368.0634830844165
261616	-362.4221401291397	510.2147095916889
261617	361.0140885676581	140.3896298986179
261618	347.3364558426473	-165.6455212049213
261620	189.0157571317325	316.5396963893963
261623	-391.6428244159937	266.0769536895697
261624	413.6478638303495	-349.1368260259724
261625	442.504012266522	648.5730066051974
261627	1174.869866387738	-614.0932325923789
261628	-138.8997930455512	-271.713877551892
261629	-1679.068612234809	1020.0917335469
261630	-1959.288918420545	-809.6134708659413
261631	-7304.843010835477	-4085.222157005463
261632	-3161.550477864196	2038.329833386657
261633	8682.597928707173	-1148.273406416578
261634	933.1102103954246	1302.512288879421
261636	3605.906945873682	1425.0910358353
261637	-145.7333413511351	-486.0149684000855
261638	-835.972904005008	1403.688373206606
261639	-291.1388218972144	-557.5251576142233
261640	1451.427415766718	-1008.647385678819
261641	-697.698863658575	728.5756991592418
261642	-418.4299534304715	-16.73018762326176
261644	548.3946766697984	104.3350456197989
261645	-327.5989067978288	87.73531357591327
261646	-280.4281675683571	-635.7768798696416
261647	367.0078640056187	263.8887471646816
261648	-369.5764837124529	88.62890530068212
261651	324.086638489952	42.54876530158042
261652	-518.7778181170086	-22.64815080846912
261653	-408.4223910049139	-195.9104529890604
261655	-209.0484115293459	566.0526168712034
261657	259.5343979100396	-387.0852963786791
261658	-307.4993248113625	-11.55294819868217
261663	-319.7263687682997	-128.9576666047017
261666	-344.163123119713	-150.0965172561941
262110	262.8662338383878	-337.5739327212705
262117	305.827579722586	-136.7391474363077
262120	71.63857487251164	302.3716588623386
262121	302.8840786820839	67.85953423423314
262127	-549.8236795348266	318.7809061543013
262128	578.999995825764	57.55951169388348
262129	-222.9579208778446	-208.555499498093
262130	-234.8490575769054	-505.1839128209641
262131	-360.2755993296343	207.0489708194646
262133	-221.3023153639646	431.8668818144182
262134	10.58512669970043	-486.3157620215862
262136	-1323.972725120128	-414.171339549916
262137	-2.974167339768031	865.9603721640983
262138	-443.117501300211	-1042.965170100642
262139	-368.0641375382842	-498.2691821792324
262140	-3146.761941378027	2062.260401166207
262141	2874.635686818051	-1313.328564126183
262142	-6701.015471026393	3310.696100047338
262143	-4161.885689914459	-6956.473028815674
